91258643
70975273
321497108
36743910
1035491
275809707
27368199
247383043
367078391
1945
35218566
32241558
28896913
15429316
138189751
55072512
11733372
59927418
42052422
22426292
423098385
20545055
60978041
23134068
44084633
32817680
20107966
20911036
1476651
43033377
6735
31116965
56749157
23914637
70753992
61355746
15641613
91180720
17736137
13889622
273197054
295031567
17519527
24133713
15738163
245452152
29241814
17814986
38672574
37920978
55592183
21358787
34732474
93722040
240376522
24173873
35941034
11222
6539592
146733
262425225
46176168
814304
1137701
939
24447331
79944115
191262319
15398806
261519423
155792265
50735431
238379326
14793686
62443
14165865
76496512
18431396
41674775
15976870
39206918
2425151
40173945
13236602
30569660
374386176
776429
38436919
9117972
4197051
13784322
12563
64589700
29525723
21921560
20186902
269013983
214534332
28197765
174726871
37977732
98501301
19722699
390891693
413368019
23613479
57079811
16305330
193326730
232268199
16016705
22277264
339206441
15079136
22686119
371360860
44199801
29964675
81427819
32426492
185808487
132847236
6680762
18307364
19637934
677523
14063033
6581062
15907720
116495299
35761106
21330205
38499105
72807687
14167715
65110165
180540681
41338503
59117160
26593416
13997072
86433704
47138534
285750274
21951027
16929600
30561705
5430
19679189
23504128
53426708
343523535
1478251
102206678
21838634
13299972
74519287
326355802
39144179
289732664
18620196
50464362
237009472
129349665
40291575
27039511
208697224
44434508
5937812
217505396
24721108
179196036
5038461
15670515
17456788
16325478
15756974
14589771
16340501
788023
21450717
248900032
79997785
310837041
23617610
18608514
34514785
17513304
18783501
13797692
158649838
3840
27311044
21525579
21448303
3475
20928261
26820275
26174957
67447663
94933892
44770583
289516877
144555722
44598471
16392291
3219081
1403031
344102160
22721166
37666984
888
17082458
3135241
26660257
31122496
54287355
108740571
946491
165801257
6598512
87650496
18772143
21344847
381993422
12682692
90169053
84041774
113200221
54275319
19362341
6577802
11739102
6273502
109715718
118715919
20666623
230326109
140112383
44270582
64455095
28406235
11134312
22938645
6014102
157140968
19555200
51372112
1125191
18874097
323102043
28152168
19562228
140825872
30061602
21303778
16801671
19714682
24290310
414331122
19417492
233972934
232390167
376625082
14413529
24453580
61542667
301251379
21875717
116559622
7208052
18116794
11407672
24734991
19725644
89840669
17621618
28506038
15910385
24147656
80617430
33919806
106741181
346782692
28718557
7718102
52784231
17003765
29842036
111133157
322
31591773
96924896
14339204
14622632
5252591
17918065
277353900
183734502
234573331
16350018
283434061
20039966
15419652
230737939
5653262
23933338
19883849
126725290
30013010
14843763
256573865
110781188
33783952
19553233
15679582
43375706
19824444
41614813
243951384
19719004
56505125
25953232
278145569
1049111
18071459
16031003
16393257
50043769
15764644
303324325
67197351
1318301
15498115
25560344
47720230
99563284
243670716
169419679
335972576
1049791
30927490
175210539
5984072
16689338
1292881
16683739
15969905
16810076
57376328
180505807
102244018
140583069
190403758
20788087
14742745
3143581
30412002
19753631
13293162
40927173
31089329
17075891
370227074
2018321
21698192
6427882
20466215
8496762
85689484
24618879
16409683
146108600
249472128
44651721
95731075
31930982
49125571
78660765
27972795
52146755
1693431
117662694
27737089
695453
211376476
64529869
273542042
6385432
36864619
26585747
16222750
19327989
219014267
25754624
180283320
69080437
72685710
32081425
20166674
299955819
14540356
408276030
244192610
54702195
11106552
84466455
29724848
90784069
252961926
25088519
66865119
17091068
171154131
93519922
19747396
16129920
16102244
35866050
180744868
15740626
21447363
186755547
62306700
877421
23967651
34892616
1045141
39839316
24970406
18776942
27015055
259395895
403017933
14308013
13835932
24737943
23706678
31353077
15603374
32377189
15125585
40302362
21324258
41992038
308230587
39025860
23544596
202724903
24167314
251738862
98458823
30782495
15566901
396238794
19446863
87834351
16933064
13058772
37982492
29352003
52486898
28723653
30023434
15398780
13988472
35844905
19081001
26035198
210966051
434662160
110445334
14703697
21513116
1044771
6171542
293779843
14800270
18528322
413487212
28567809
291673084
308648159
754626
36443
42924141
224263445
56810507
25526853
237910723
11342622
15450332
40928779
44243189
17610785
25107515
1046661
170932456
79721137
91048230
315579099
92546333
79557255
160926944
295128139
135163355
14738157
28665877
18486243
65074565
14451083
131273875
9697482
10143482
360410557
154474160
813096
10716292
15675138
66492624
14230524
17019836
73031343
30423944
42384760
6871792
15433331
244223851
1269251
211476130
12440
1953001
61853389
67101281
17811812
85085619
45249949
61636230
385747470
145766488
60633386
15925179
936
347585152
65369795
18999650
14335435
20500612
408
13354002
33990291
17939037
17881773
84249568
17060015
19164378
118715244
38271276
19891675
40752044
18226567
30924507
392901286
15394954
124776946
34097876
122101964
15638086
19103481
113758100
1118781
90420314
37080628
23520638
42442665
4110091
16914608
51909681
174749675
30503160
18509466
164481132
21612901
23121519
133437561
25173006
14878485
202003499
84689645
14239157
92824450
284611673
41392604
14274132
158426909
224377395
131351549
153449725
41490749
19524050
108686283
38328549
26551204
114491210
182824991
100818214
18829528
21462484
28124078
16023362
50222851
14125563
377785666
59145346
25398439
186719725
15450151
20171466
274136212
18009781
21725014
378415750
304540626
52184250
272542662
36452050
160595945
14616148
172632175
12092012
15026610
315188364
17344095
352027184
35141351
56692110
16421982
67683346
87299367
7713202
44134773
618593
20433105
15347622
17969699
199846645
15099012
15352674
16545530
103606425
37980279
361512038
406589535
246930965
972651
153698653
227296134
1153981
63253045
24741685
30180137
42977712
25312978
107125748
4119741
346124757
1103361
14863930
142344129
302224303
14860631
78733213
32213007
16930378
9764742
28076276
45332531
72675736
45674198
37925273
16228699
19635122
18420140
15396053
44759834
14065088
6856
22044641
301167651
29442313
111400999
10583402
21741551
243464935
25131586
331873148
221868589
31049569
22083532
11640472
27316232
362245829
24578794
13648162
36686731
5259391
143812589
125188470
204978683
158907678
74411022
110816571
33432130
26372219
16115955
78021221
15730467
21818737
133787882
20774654
91194595
79024978
25073877
127926349
101063030
29854446
198918110
18791763
15341368
86177206
17848664
22873424
40080940
33454142
153558139
246481013
329993211
6400952
19418459
18916432
130314799
133790003
15513604
35880417
17503180
5909
14254762
1124961
75302325
28592382
50768567
37071253
337117061
20776837
211901075
87048122
20645548
145625854
9508922
10923382
18156146
39685204
30221787
70964484
2232041
61905925
178174426
343598694
189258194
38239767
402025041
47624589
245031486
12788332
116783083
66381461
409000406
21387033
373799064
18676177
361548343
385035081
111216929
194439674
155628558
32167037
148389989
69813139
189255274
203296115
15511139
755113
14013722
197259647
24172519
373558034
145476834
280617704
21334050
50055701
111476858
21611239
110837067
16600574
250969300
26005459
7684882
1044591
5285
104338256
154915258
310109265
214024891
28736496
39634561
236699098
210945325
16025112
15145995
64780470
17352579
18954398
68140532
25398827
14987444
24966423
136220221
384910109
2182641
10886522
12546722
112548462
132213553
27676828
21702570
93602686
14824849
29395734
244670133
18465758
19627983
62078644
34730098
374421000
46248830
47771556
3137331
56688840
207034762
116410075
16406939
169654422
104119137
18333308
24139243
9075622
143535660
28176898
62873395
157654011
41502303
71019945
381318505
7885972
16725276
322786017
272395158
282735852
26116556
68617881
16153562
130368147
69181624
49636886
279003494
16578275
269940592
15617631
193945892
34173162
229927001
58032351
14513049
17891624
17633046
325746273
11754222
57674600
78688455
225921757
319532280
129686649
14120019
206373711
17851402
14771728
26710900
184910040
14928475
181636945
13799992
266166985
130056255
452362923
21735063
13496142
11466612
46681100
19244181
16259011
252183130
199553243
4380441
50393960
20658902
17047142
24531730
742773
121224584
51419021
20452918
235119825
24889586
211623845
22703645
1861051
1469371
153878608
78081806
319675272
263292498
17976923
181851585
135629930
224294849
21576334
16364399
123337390
265423537
240859712
345772816
18030431
80679276
4489451
19982092
216881337
101935227
528
334162280
16811647
16
17015268
211954375
88914175
28706024
42472972
93091413
14130784
18396620
16727022
27133812
206290818
18906561
31515594
340379177
1668011
27674040
37971731
16685018
442086775
26808497
74169715
52449056
115438636
414083642
18097821
16939148
26053643
67920551
33640905
2542051
15663981
133655341
70539732
20928893
21207462
422578510
18980276
35997378
161146566
44101412
203212680
119092185
39678279
105697582
23719964
222386525
14904437
14392347
63210767
19970709
26585095
290149609
78399986
16515109
16233448
411193704
19264268
333651023
299958042
71358042
134515037
369232105
39365771
19697990
242747597
24195674
153115522
266245651
189143476
193721733
272550180
143257217
34387610
256700716
62290422
18079909
25314487
40194485
46957051
68739089
19084034
176956926
12831902
191032261
17366486
675
171165627
335053634
144597423
19766305
322603418
30714308
16073043
20798630
124590145
124276791
26865976
334116345
49996840
64527114
14243397
34951615
43138881
353777689
20585993
35206553
99610531
29236490
102700680
82312386
201654260
7841652
14825851
27013292
15207668
3191321
18170091
20581984
26527734
23737582
5336752
35092352
991221
44447537
38056120
14124614
202379160
23648057
26062385
300994033
17850012
49573859
5697162
42047882
219027602
18954425
432
43079869
11094232
82643763
163510342
59143038
393596268
14587949
69422998
27735088
37730466
301412453
35704570
8834882
20242587
242076610
13416712
175334528
22837942
255245552
18373863
15076390
22272053
144556102
678083
14247602
31638398
12045452
33107743
180503626
287728935
21010214
42685701
31311003
14480769
30283482
47938579
60952317
42716477
18975155
30511215
52885353
137355680
16221374
23409407
16116116
26294293
21110908
41634520
14353581
30007179
1043051
183398746
120147232
16174972
22633584
197001564
6331462
140569932
11856892
3512161
14839109
45536687
58379000
15309972
365822838
16454856
22207520
18333645
17236350
20014300
74580436
20609518
36994785
15086811
69242357
14362200
278023282
33182690
241382835
30513101
15856366
8525402
27658164
245744889
16017475
18812301
20263710
48117116
15521850
317909195
20950957
24485527
10228272
23873556
130844286
18010817
15985455
24967668
123560579
27689549
17596559
244655353
20015903
327523579
19660724
14313258
8412262
17786623
16306981
348140125
40100270
20174643
283738444
5357812
3732
54682125
82589942
14355899
130556649
22737278
19062754
5520332
36444204
54287291
34176258
197742577
111200288
17625522
42468157
248239533
25113550
15569235
17396212
4664501
128255214
151099524
65462694
21885561
13
23626355
24535504
46165648
36808896
15670644
198996773
89820928
381968286
14140420
64255959
17800215
5916452
358384412
218272786
20695699
19531199
21710464
36528126
15678511
15414584
17653260
19949151
8247952
9604192
28587919
80943076
80112314
38189470
17994112
18638502
47969454
4248211
22399021
34006528
27771638
63002025
118152626
58489629
20271868
18139461
189017711
131506459
1585501
379705419
45711294
31885602
397364819
16425197
1857711
22776999
16303106
20111686
373206474
25337112
2539371
28490831
22845566
39587009
21370989
209792690
42663004
144945008
11944382
33823694
114192592
11388132
68144782
161050796
88989964
27511061
124818259
18506925
7832752
221101520
21686626
17980124
47869696
17596622
24737919
20328102
20200044
17705334
98973136
74881716
71273952
19697415
174010189
15166316
18587457
34312352
14944241
128585924
88036942
14947708
30452129
25016044
249306371
14161314
18217624
15546710
16186995
74296039
31709929
14782737
41657673
356656257
67407919
14378113
14079576
15134782
5355992
220884717
67418441
46065613
14996376
15101375
53253
140211272
174535481
46443549
25542494
38487892
64251502
73059630
36471644
586
16992728
16317027
11628
14862891
58120509
112028594
316685729
19357045
1125071
20
26588066
80371182
40908929
83216264
130920017
393203163
49140008
28169089
22953665
18314558
234086797
16244789
110840720
12594872
19554713
12
45249172
22652957
342050804
332254979
8343132
365964201
5610392
6627632
87030406
35817188
87788246
217543151
15290936
5515922
15812461
281610530
28456384
7255652
36768736
97219875
16190898
83990462
329789016
16102007
23188724
142318794
18931878
18352692
14831475
26063260
28066607
16072676
19084121
14534060
294201199
61806685
294832242
14713133
21786618
68999404
15519128
32962128
28165335
416654271
17549167
378223565
6550132
154955598
141323831
29301277
16812086
25298289
87075439
86478153
14755229
382714056
120507883
22517990
1452261
215952307
26553858
14390126
153524363
37590668
14700316
9767422
16221066
90814572
14929115
23976316
14124673
20776147
15537918
19940791
22596895
41265813
18770485
156328469
312996618
8839502
11650532
120129682
33280268
44953198
5940672
288764875
218647547
16423109
14152630
107
22822407
27195114
140201463
43403778
27740227
8807152
5485192
299901217
161801527
69613340
17498138
39782860
17711046
35664186
106837463
70401650
296794008
12852572
381771369
117597557
817977
406421056
34388611
153802121
125040544
97873328
19979590
18171994
19386403
14314315
25160944
79293791
26784273
17042774
23375688
24011759
16971793
175420720
5509762
37376949
25441019
106383868
17553923
69159947
16957618
32428659
214120162
119089788
41658694
19430838
12296312
127374165
72568426
28669612
14217051
118983660
312800783
47459700
28562317
402035582
58466292
15976697
78127882
68471344
274649460
56399617
129006150
246004608
103202916
15676492
17601969
89193992
48289662
85882404
309863915
33627179
234235689
20793816
44919484
63363638
20252855
14127311
32831749
44620271
31080039
22273826
17936949
43174229
18227519
239949176
14077884
17198100
1048661
39837477
755648
23247741
120096918
1749251
130314166
46704247
243742108
29221344
133880286
20081036
287309941
6489102
18633696
27750488
377502295
138040925
23605102
19272244
10845472
21410513
153339082
16446177
214858932
23030211
31311757
326813960
16119129
29115750
185376286
11723252
26589987
21122578
6519522
75488239
38536306
41351252
221044026
1374411
23641742
1468951
23166152
294190774
17004618
16222904
221377087
352812193
22591657
31141686
15534230
40361513
81459614
67392801
163792579
20735014
2100521
253162230
130584275
15954472
180798800
40834277
237456608
10887582
16746493
153087397
15033845
16641041
6550222
31444922
27351790
46588967
61261533
192354884
200946739
783705
21344352
107495899
21051828
17913191
964641
1118521
16669075
62624207
68504606
30887511
17993906
14860302
14253109
34430522
86956817
95746129
23989491
155941178
17907142
70915224
84893115
165078712
16291199
73194395
27042513
109493573
16727535
5570262
15530557
38442545
1975721
241163740
17171111
15433693
3554721
1115541
14836627
14091432
7534252
120750710
37344334
163576353
35164032
17293630
21148293
18344163
30313925
16940925
18547465
7698
19774586
14254927
22824243
184916257
2558231
227388262
94458656
77220986
18326060
104786280
322208121
1047961
251957797
191806172
66234725
319052435
374195258
19679461
14106930
84282093
74469703
32193275
14716058
32717570
8126322
27685955
17298030
10345422
46318024
54653517
19094625
37844334
21228708
14764648
783214
25389194
14266598
19343369
57037821
49726173
9030
19802422
79371743
36795835
17454769
19011596
219109954
25619110
15442536
24045028
19785801
18623616
657863
19621110
19739126
11924252
281234333
87783850
17246287
1185821
349131329
59356734
15431478
15451591
19877186
22835029
22055226
100180989
14388488
55019447
16099295
14075928
65106660
51228911
6140
16213242
15355113
39706174
16433813
18720595
137135990
18562065
28947545
163340205
39699269
259395707
43018238
23023236
93017945
90800956
15143478
382026391
323861772
49518079
310960217
17454961
19404587
34335094
128393253
15908816
20012343
31487415
4037
6193182
30297768
17074440
151088800
9943672
15716419
37411779
30613391
14273637
14202711
234326139
14763
9252302
21993699
313737301
15868970
153149305
383523175
18463323
25053299
222
24779135
188000721
26278266
19426729
169050333
14408537
22872643
126417990
49752556
33606835
9270712
14325136
95666802
26868545
14217846
19740592
44783853
380441642
137817524
18967498
19397785
14261936
247334603
5871202
14422991
1047451
84388888
46671731
294728278
23700804
117926092
18809624
33846451
19250117
18601609
17234367
19465618
74557796
39922782
57625403
46484304
235189247
68688301
19297459
10407152
90334660
23544268
17476335
124003770
5405152
184645405
20561920
15769327
4386321
17831464
24907662
44902481
172853954
16317238
132952870
124395303
21626287
17874544
8438932
424319960
